1.751018345312026,3.44159005470124
1.7485511501455662,3.414894591771166
1.7451551551988393,3.4051894161087355
1.726708043160215,3.4053414408154277
1.7028043326086864,3.394462867693538
1.6866694544140979,3.4017523782407855
1.6753933388868638,3.3892051106441796
1.6607305516493773,3.3836754849065955
1.6559127731167136,3.36100750976654
1.6809778720741895,3.409357873078864
1.6679863064679334,3.4089660464996085
1.633762605604243,3.402437764089064
1.609397434684955,3.3749344423967855
1.5810310657726439,3.3681860753276918
1.565461229350014,3.368243245248582
1.536357434718696,3.3533930311899804
1.5109016675943172,3.3485818581271625
1.4839494450985002,3.337439466271367
1.4595746933854201,3.33438014161496
1.438083643967128,3.309196038991311
1.417984412531931,3.29502281398168
1.3849059359831133,3.279615785251281
1.405397135037148,3.3240271836021384
1.3755055046514468,3.282525413135755
1.3424695628676975,3.2626335346262345
1.30570389550435,3.241200156597198
1.276971469820467,3.1936428665718952
1.2292655598716293,3.1616290779147556
1.2063675118689805,3.136311744427253
1.16916917210676,3.113073467950183
1.1256469226466506,3.1207499087992456
1.1010398946173248,3.0902601654005744
1.0591937410473424,3.0742482699357256
1.0384371173009421,3.0250331146787306
1.001710121915084,3.0403070979666973
0.9774064161412804,3.003390266531166
0.9445184934338042,2.982116847852757
0.8757797583246255,3.0331528304201614
0.8453137123230511,3.0082647636108892
0.8013857114161398,3.018792368124827
0.7610555525531044,3.0024972555561296
0.7166735351106786,3.0169976407050108
0.7056531026324814,2.974527906457168
0.6525935668585049,3.000384183388898
0.627234167743508,2.9662026989265704
0.5827023498073396,2.980947772262675
0.5424264264880608,2.9709028898163217
0.5060750253331254,2.9638509878636925
0.46218500605930535,2.976917876719332
0.41955869639309806,2.98222527724138
0.37545752182283193,2.9678335496037342
0.3208212161013609,2.9723112080887226
0.289699230256559,2.9691220624029526
0.25981116557043155,2.989192389096572
0.22934111281925088,2.9794029398143818
0.1878471314025322,2.9735081078838017
0.15946761996063627,2.9593395143184513
0.12411097881334145,2.9462854076104414
0.09608037345047357,2.9326926005587888
0.08393335488833797,2.922221000445299
0.06858114983246823,2.909127341391222
0.042636495630483995,2.8867548621232015
0.01815795846751631,2.866370245055277
-0.005679552976654705,2.8447372789701464
-0.03616441056227974,2.8148673644111013
-0.06357247996431269,2.785979717684863
-0.0871196517867896,2.7628055679959953
-0.1094451135986677,2.7357163851627946
-0.11985566512599002,2.717607877627328
-0.14087322509859115,2.6871268279544394
-0.15441721478807668,2.6626103253742257
-0.16710770359802915,2.6399759417836575
-0.17871023068170092,2.6103797898481957
-0.17881713741058916,2.588755662454505
-0.1759654595834165,2.5741930904686594
-0.1841485591195624,2.550777400535981
-0.18840910417140921,2.5273383055906278
-0.19020519255367646,2.5054739450366337
-0.19021339335502577,2.480281260112767
-0.19171705804990466,2.4559868640196756
-0.18688386010193475,2.427305223735433
-0.19002919003999516,2.3827042796308446
-0.1999822300569747,2.3255523139886076
-0.19802189081690028,2.2800618080396267
-0.19293039659778483,2.2358123648494113
-0.19111350306834132,2.188877131780122
-0.19078131835298426,2.133014747946878
-0.19304711807203753,2.0832108978011017
-0.19413097720506106,2.0228500808671064
-0.1949097606973267,1.975167438183149
-0.18663938538745944,1.9502315794817917
-0.19185649674050556,1.8891647465084356
-0.18476974228346088,1.853353888746703
-0.18483941877840693,1.7919524119953059
-0.18647977139370836,1.7326269582412261
-0.18645780808444362,1.6879133775104072
-0.1829432757179058,1.6453490920405895
-0.1778453602028989,1.59052150953397
-0.16762965232325464,1.531140478465893
-0.1608042393427373,1.4935686258036676
-0.15772205308350756,1.4449254390598736
-0.1556461260828039,1.3880214611844546
-0.1524026611532713,1.3272215017550286
-0.14703188970973907,1.2861476935996852
-0.14408385234037496,1.2461069668415183
-0.14388102736815805,1.2052090451110624
-0.13975351362915386,1.1749021665646489
-0.132853715925413,1.1435969350365731
-0.12427445954591579,1.0885103075540108
-0.10754302601538039,1.0467278281062098
-0.10077720844525147,1.013208990550396
-0.0976012443824201,0.9645083343821421
-0.09252821229093534,0.9286334839310435
-0.07818625474237094,0.8962170086107174
-0.06963556102721281,0.8590826917827975
-0.0641738577490268,0.8111183684483793
-0.05839962052420049,0.7824380717386816
-0.04766370434713014,0.7549015980376146
-0.0269628028753444,0.704392275567156
-0.012860208431628176,0.6610687126651885
0.003431623283543582,0.6312533521029702
0.02633462538576892,0.5890466340307664
0.0450961078680895,0.5621653544418518
0.0684613138099846,0.5372569029594816
0.09180577886203493,0.5157719977326012
0.1170099469945398,0.49212722682328275
0.15230347685363108,0.47385638515146516
0.18969431127931055,0.4404458186204378
0.2111257340775145,0.41256183335644797
0.24484357267654167,0.3917894975786498
0.27059274740969963,0.36388036281181374
0.29987151452744165,0.322906764243486
0.3414993725754458,0.2938426057024903
0.3854890064559054,0.2685038692243252
0.4184180707895948,0.24790052894740008
0.4493863410017768,0.21979536761694973
0.4827409242936785,0.19650899617307369
0.5020018449597526,0.16822768028805885
0.537445545251815,0.142189051899166
0.5662684542215897,0.13419947799310367
0.5901849255759397,0.12518578313424264
0.6257251068416103,0.10141644278201688
0.6659423014278065,0.08987772964705616
0.7003586751082017,0.07981161627934057
0.7340372647711838,0.07363428740804417
0.7691210748159879,0.06381934678265196
0.801227563229183,0.05906089216205522
0.8239528238427318,0.04759065125190267
0.8520397004817082,0.03413776538837425
0.8984197623405498,0.025842226193784165
0.9316432938062265,0.020634388096501647
0.9723796712298438,0.015236638823776533
1.0192449299131257,0.009420462519917258
1.0656394506090257,0.007011683821237713
1.1083105919397414,-0.003260497640491372
1.150136381835153,-0.00805812216736515
1.1996937079303658,-0.0224410622321773
1.2331528739818798,-0.024483749540942505
1.2658579450982506,-0.030316588216909104
1.3007001994545189,-0.03889067936901927
1.3347233372534217,-0.03429158049689356
1.3732897457688986,-0.038007889230215065
1.4259565660658238,-0.032186932939981386
1.474238399352716,-0.030412877330908732
1.5150199966335751,-0.03706062517271176
1.5666062905668527,-0.042887584956480124
1.6096858106247631,-0.041827106276831165
1.6566507502219785,-0.037258101557307036
1.6934022936046564,-0.04066245844882495
1.7362074572099089,-0.03567404409654435
1.7825090662553675,-0.041647979955426545
1.8236174456322265,-0.04744982319411655
1.8758291234417521,-0.03436022879961316
1.9158266056292501,-0.028472411330155233
1.9552825497898352,-0.021952875386290777
1.9982630601347222,-0.00633970454109063
2.0335788506001573,-0.004756806103808543
2.0722118832385927,0.003617137929027038
2.119847845792945,0.004205672043676174
2.1610125134821168,0.008320470579057502
2.2082447610961466,0.013997912133132394
2.2502910188858887,0.01577952624225402
2.292360356614435,0.01991997236587692
2.323693521429752,0.02272409425706825
2.367422067573567,0.03207194400768708
2.4085143321917086,0.039772283536616757
2.441072669339673,0.043724453027243336
2.4748734414310594,0.0510702123092524
2.4986798409601847,0.05960080264130949
2.5498035155192498,0.06608551563782873
2.601390302887124,0.0746312112508873
2.645122977241171,0.08177809305908104
2.6911874351577363,0.09504910246028216
2.725760590035539,0.10096723754581674
2.7628712043599792,0.11119043496660759
2.8018029575229875,0.11658424345615297
2.845259847365821,0.12564874733586073
2.875953311167405,0.13844158656741812
2.9008929667844825,0.14440333906714461
2.9295155194154856,0.16406881335368048
2.953430534992199,0.18301668003671798
2.969604656185209,0.19683522733297157
3.0012163507581726,0.22419772606712518
3.0273270230723175,0.2490267064456128
3.05056632577706,0.2735133729374697
3.0725040223347304,0.30005164589951394
3.0926868732831494,0.32472241560801224
3.1112994682622586,0.3603168069631665
3.1308974303563284,0.39589307863124584
3.149466105388375,0.4257707527269268
3.1639174816688485,0.454657998573364
3.17660904473711,0.49368702215431576
3.1847781378176077,0.5205593581342451
3.204278263752274,0.558551624723132
3.2165373175341174,0.5980584583241692
3.2301845866451515,0.6410525657603651
3.243934809414408,0.6885900760460625
3.258876509906014,0.7328636223236242
3.28000814649769,0.7751313018076388
3.3007966653725505,0.8107344320528215
3.2869605184515813,0.805405248640966
3.2465901152712484,0.7652435182103502
3.22741414043869,0.7335583373420856
3.2075895653154434,0.7003409676562504
3.2302887323215224,0.7387341218355815
3.2514447521315533,0.7838590651631401
3.268233145170091,0.8236402935885782
3.279179194887213,0.8498474451760917
3.2917618531237496,0.8892228373579107
3.3039191440826485,0.9135988158627412
3.3101348566716973,0.9219783192258849
3.3263582488597403,0.9577405646144228
3.3434927242733323,0.9836308863937127
3.3586503402991754,1.0101175096093886
3.3739212212401584,1.0418368974461472
3.393276358855008,1.0792330642380719
3.4202451333352766,1.1346576502505852
3.4384271611061106,1.176765768335494
3.45413957125646,1.2177440906435506
3.47101556455048,1.2611821100416143
3.4867733692756357,1.295204776400124
3.5031440677642376,1.3374942368988538
3.5143480552982806,1.3667805632105876
3.526416789774903,1.4013034132928452
3.5382505323372517,1.4407552643737063
3.527662783196031,1.4677722933864101
3.5469069277643457,1.5248556121182457
3.5589151524459233,1.5631800547614847
3.5878730372814096,1.609796434253882
3.6078730372814096,1.659796434253882
3.6178730372814096,1.709796434253882
3.6278730372814096,1.759796434253882
3.6378730372814096,1.80796434253882
3.6605010097905755,1.8470964836234078
3.6657425574922984,1.8871448484835769
3.6864936015584275,1.948202312034593
3.696663072515768,1.970705402298358
3.704111660079293,1.999516707886382
3.6964317660927475,2.0125260096652084
3.699638147049743,2.0471108525555173
3.7047236485571253,2.0766034771449613
3.7087975564210813,2.117534618751794
3.7104864550816727,2.142708927826908
3.723916891224299,2.1943298725144076
3.7265355726937672,2.2313273026905143
3.7218534690973093,2.2640457474576836
3.7202657693030523,2.304594940134012
3.7131112398695185,2.344075957507981
3.7062556671060576,2.3714404905493507
3.6914792682713125,2.4176408261028253
3.6785581421794613,2.4584736524276134
3.6645452359342547,2.4953298681535427
3.6457418701952187,2.5331997992279005
3.6273815345554516,2.568391564558615
3.6040182612843217,2.6209380233490682
3.5777345137266705,2.6462663003989553
3.5539281785444006,2.6724353670704217
3.5305899025579834,2.688759190735961
3.5051608382683304,2.7170625706266014
3.480451552721815,2.7373024941863604
3.458896507843593,2.7544403972603595
3.4261012407912403,2.7794254545036745
3.3937740670286902,2.8056779820070963
3.36734964248127,2.8077164909826853
3.345483467252675,2.8265533754350947
3.317154753385676,2.833438349565429
3.217154753385676,2.853438349565429
3.20154753385676,2.873438349565429
3.19154753385676,2.890438349565429
3.185572776809781,2.900278117993937
3.175572776809781,2.910278117993937
3.165572776809781,2.920278117993937
3.125572776809781,2.930278117993937
3.085572776809781,2.940278117993937
3.05572776809781,2.955278117993937
3.035572776809781,2.960278117993937
3.015572776809781,2.970278117993937
3,2.985
2.985572776809781,3
2.975572776809781,3.0278117993937
2.955572776809781,3.040278117993937
2.935572776809781,3.06278117993937
2.925572776809781,3.080278117993937
2.905572776809781,3.10278117993937
2.885572776809781,3.120278117993937
2.865572776809781,3.14278117993937
2.84572776809781,3.1678117993937
2.825572776809781,3.18278117993937
2.805572776809781,3.20278117993937
2.7872776809781,3.2178117993937
2.765572776809781,3.220278117993937
2.745572776809781,3.23278117993937
2.725572776809781,3.240278117993937
2.705572776809781,3.25278117993937
2.65572776809781,3.26278117993937
2.605572776809781,3.27278117993937
2.555572776809781,3.28278117993937
2.505572776809781,3.29278117993937
2.455572776809781,3.30278117993937
2.405572776809781,3.31278117993937
2.355572776809781,3.32278117993937
2.305572776809781,3.338117993937
2.255572776809781,3.34278117993937
2.205572776809781,3.35278117993937
2.15572776809781,3.36278117993937
2.10572776809781,3.37278117993937
2.0535949626118777,3.38967544833749
2.08751913761102,3.3976592705921063
1.9850359298449902,3.40
1.9411791169157695,3.418627078178094
1.8946156970174772,3.418950667055967
1.8608824269140272,3.420099907776151
1.8271422003239415,3.421702682192023
1.7979553698360415,3.432324657008538
1.7707422513355768,3.43820640580778
